0.02170420837723381
0.006079808814721244
0.099811665207443
0.11782396907960149
-0.03254215089305507
-0.2505575024596026
0.1748646485098055
-0.052243191899575776
-0.05505255851466533
-0.03763071607386647
-0.07226613176271109
-0.03925571322463366
-0.0726668369912658
-0.01742737374068039
0.13776791103709726
-0.07336225306905582
0.032988149950907535
0.025871386549916397
0.053987394090754794
0.14372008218370394
0.035494339353945054
0.015011662246734104
0.10885685946430099
0.07696556599043362
-0.025761727908514977
-0.04989053062949797
0.056972322770788626
0.07315170564576674
-0.07996704518931953
-0.16789378430272714
0.047372904484852305
0.07820085060678963
0.13630462177444203
0.03189397795890179
-0.33219400058248977
-0.0802594425139856
-0.055182371034552966
0.14918981196655065
0.00919505338782295
-0.05655220929113262
-0.06491406639100102
0.08190122579809878
-0.11706541425883576
-0.14919189385752488
0.10642231573398046
0.007279729670640503
-0.07469995584506936
0.06103493376480348
-0.0014429332831370275
0.022328995516689376
-0.09597323961866132
-0.14041001617276969
-0.14860747690777895
0.0213218877311387
0.20152765006863174
0.1460683200714857
-0.17634320934329845
-0.18301017721101087
0.11394336117804246
-0.1704909961815237
0.007418582547309679
0.11287991894410113
0.09063632788842678
0.07491326493723695
-0.040630587701308375
0.023335541327737117
-0.09590128549298628
0.0833973544200357
-0.09374337508429349
-0.07986670401555433
-0.21653396857348708
0.09815484313644804
0.16672145696221127
-0.003319521121084693
-0.14384494514162227
0.0615777916436828
0.007331811727141228
0.0009829602918494254
-0.056597593317632346
0.018280422206340165
-0.07438530216569522
-0.042698185938531474
0.11493216053200137
-0.10523559831764917
-0.08589668116556412
-0.20581831149101218
0.10987652524690576
0.20302242857103944
0.048825090204943
0.15621254423596273
-0.12435843962590322
-0.03521634982848582
0.006223234714888307
-0.08976044274762023
-0.07731663537862164
-0.028588439986576824
-0.10622890633657125
-0.07296536969086573
-0.06406450309587917
-0.07854836044128677
-0.029035704009669972
-0.1475001818570698
-0.041983702691707474
-0.06583324264211393
-0.12073809827387648
-0.03679458954610964
-0.15442007650223247
0.09625280587364683
0.021989285020290964
-0.015681927913437626
-0.10804621851488529
-0.04240900232598377
-0.03796847318767386
0.039216095144752085
0.10479197507103552
-0.03401453768127596
-0.06146094415673069
0.026445442012347737
-0.07113438491031387
0.023572706251020623
0.1001991930972275
0.22162198860505017
-0.07363912791095531
0.07559466198324133
-0.12177188818133022
-0.08976042110934254
-0.10556797906594001
-0.06701428351355639
0.02777663956999939
0.036261557193568376
0.05247332746817555
-0.0023101018690924653
0.07791962055953529
-0.1675533587606135
-0.0771811318152847
-0.09318648630589974
0.10288356137409305
0.27205372230673786
0.22429541199280378
0.006390302307032494
0.05951826324399847
0.07238773158500494
-0.1122943874207705
-0.07749543262390748
-0.08983348771476861
0.029676180434439352
-0.0362665621384229
-0.04113909963071072
0.11460335047524489
-0.08411335939468442
-0.036533286649745846
-0.18358561992885036
0.13087044601434536
-0.16304071258243866
0.08527032666423952
0.15505224943856485
-0.028874792642262656
0.03870439715801887
-0.02139295492215757
-0.09491670286788688
0.06739029412547765
0.14022070493229533
0.016397890261270084
0.057412303283174204
-0.11090278628035086
-0.09540252867620608
0.09165500718169892
-0.14401421651199045
-0.053829234861784196
-0.07837367529576318
0.13637793924962974
-0.04496345502859332
-0.1215083792456274
0.06830681422744739
0.04589855636845158
0.027212100988589963
-0.0820910207660831
0.07006875064846775
-0.07607124046011707
-0.07253961853153777
-0.04858623068777384
0.11316742601431069
-0.03428830587510202
0.052025998355855925
-0.010406077388894921
0.055509161175594214
0.07714520752375814
0.19169743802948647
-0.15768766023527603
-0.09824057381284802
-0.07854628862021244
0.19465996532989965
0.14645833488969168
0.0209891383740698
0.08332179981212191
0.08840136400889974
0.14800679127838784
-0.1216275838253918
0.024778787744322923
-0.12852395713034617
-0.02430809752709243
0.046161581625512614
-0.12905999340731888
-0.14649493515286072
-0.07125534116292787
-0.07360037763504101
0.16819845813768844
-0.021008841316870825
0.23064436075132955
0.16118260842002352
-0.07171845673438167
-0.11009757913971842
-0.13990685614383513
0.007095701545139581
-0.025909447463857888
0.013663242639518723
0.108163046537792
-0.06566460041979912
-0.09456551892750656
0.026827038875345894
-0.07186003967609625
0.16780409657231962
0.045518667488199084
0.2373947184193264
-0.022946938529725083
-0.006528933868362557
-0.02770473136207992
-0.01828176647286407
-0.07133304953333705
0.13962672107484375
-0.04352838547709841
-0.24695633884746918
0.037430737068789244
0.16661428914256923
0.032786169466355236
0.038378775076917254
-0.020573053730252693
-0.09969396651443826
-0.2433357003866661
-0.09043726098045035
0.1642629471885766
0.004814496341960326
0.07596182074179342
-0.03565320180235806
-0.030977199764146767
0.3313450670177841
-0.11000919018456964
-0.04806771269209527
0.06153178964676975
-0.14429222418686882
0.07320000188686318
-0.0354191676322872
0.07612544501779975
-0.030303593774030215
0.07260371493008898
0.11318290568866056
0.1163368031853378
-0.2079313181466997
0.015581756437010296
-0.08156935039959338
-0.014330717529164743
0.028195331987253842
-0.04218223522117233
-0.1386095732657316
-0.14433880234560165
-0.1818803244130635
0.16190357964950347
-0.017834203981874835
0.05262589165043757
0.1870964136058996
0.059080942691221154
0.11317479705048211
0.08634026568255927
-0.09629625411090095
0.08959521418563503
-0.007288070429615682
0.0840728619371648
0.06374029516178792
-0.21769554146674383
0.0025442493379832574
-0.13367256368605646
-0.05482901839438057
-0.04618451491659419
-0.12358730339388821
-0.13249868203355816
-0.05516010629354546
-0.051233032435601844
-0.028687595863954553
0.268822691070236
-0.0029555320219521765
0.039265438309132365
-0.03945763996518433
-0.15008510615916829
0.028977749707647407
-0.08200024576427739
-0.05073933119814022
-0.23997428762399967
-0.17870138477798406
-0.024402907594863403
-0.11782174936178678
0.12276479744102763
0.09853713890875605
-0.08887504672378554
0.026674610221024266
0.28120797737231007
-0.15310484579140177
-0.036239940873636106
-0.051232605788785184
0.24019742478526906
0.05569429607270215
0.0068362208024695895
-0.04979967996226515
-0.10665096493150511
-0.0012440775124233515
-0.05486065511786421
0.0032999853254758117
-0.12249844616152475
-0.0872658901505769
-0.07838286203564572
-0.03859635590144216
0.1425377628774015
0.16299172926174657
0.0598702644350865
0.21219478437587774
-0.05856700614887167
0.025605084827867417
-0.0630969630107212
0.10864722514276055
-0.19004896083844114
-0.13595352319903453
-0.00841552831170644
0.19348161408177417
0.12175155409032114
-0.02213233613554662
0.020391771617904557
0.07522568810787054
-0.07324580861581408
-0.2486202843229752
-0.11958101857901889
-0.0267847196876558
0.10137366667340236
0.0177832716187849
-0.08855487322942274
0.07354224209611687
-0.0612948821077635
0.19194752607792723
0.050714232758438844
-0.058285232905421584
0.04094588528717666
0.011072115139741493
0.01972946390703878
-0.005680059648965198
-0.04971554938550206
0.09338638440539468
0.04657724553301926
0.02631540553082314
0.10683078722641538
0.06955482470660161
0.15568736733962946
0.09724985692644988
-0.1066831592842726
-0.004965313478685786
-0.042606071076295354
0.05690435407118702
-0.08271128927797876
0.08565903798499401
0.2445129163607194
0.15185977435083517
-0.0687855681025284
-0.1045424412761397
-0.009417009195151383
-0.0965982102774814
-0.1542602545624371
0.019595617380939335
0.10010133058819733
-0.0828368526533879
0.3735996526140539
0.245409336914958
0.15459240236419544
-0.04578267372599934
-0.2000370338222078
-0.1664086774199116
0.17105599085103237
-0.052921584703074176
-0.11243382724458156
0.08442148076755779
-0.1250920506592854
0.03471131580423113
-0.08266190681795452
-0.017346396246627333
-0.08970623394039749
0.06045204558422954
-0.1801682974197329
-0.046208835714451495
0.10522834356089117
0.037557828592725
-0.17785843020187356
-0.06068628812603472
0.10038079485522891
-0.01912050756534241
0.1374006054244422
-0.11695814944908506
-0.055789594041135246
0.04780415416409027
0.15212748789246197
-0.012544973852859556
-0.01239164017078366
0.04759681984717386
0.16253281707889378
-0.09657286771330646
0.03058831328542285
-0.09213553418995099
-0.042264342695834914
-0.11796302349582762
-0.005631927823582353
-0.03603042754541421
-0.00122805005872585
-0.03752082854927322
-0.01703550493858145
0.034982372231410465
-0.09361004677542
0.18096404822679585
0.028551705032331502
0.08661603069434613
-0.09105852876128487
0.08161938059758732
-0.11300832145322727
0.008032353726757355
0.2233672322279728
-0.12717396669678968
0.23271119333199541
-0.03422064887075445
0.1406475837822086
0.009345126338708511
0.05665715361912481
-0.007990516877009905
-0.06322929056803966
0.11471683240977666
0.10135557296327495
0.03483374159061472
0.1949142670393404
0.056891309959133815
0.06308569617573953
0.29854252683456134
0.03735218013317794
0.03658685319015627
-0.01350395933925794
0.029651790731678156
-0.23667699119635208
-0.057655989049040283
-0.036340677777375076
0.08464552658590899
-0.06754794653615163
0.1649120616614065
0.020333577381167638
-0.024829959944327816
0.04631903339677092
0.06795545839577104
-0.031220398473564236
0.08172216222217674
0.07023564062587082
-0.1314085409022406
-0.06936548964538451
0.07552470807027724
0.08145977692616499
0.10107771776795775
-0.029786205241879044
-0.23136170302345244
0.07304554165233809
-0.02447634009092426
-0.05557499589344082
-0.12224774111194248
-0.03576126181871044
-0.16867147538427935
-0.024590943040389085
-0.15709718696413186
-0.10695935314416999
-0.16983668662988066
-0.020435655458306213
0.004345166394495029
-0.20477883625123194
0.1362040255450246
-0.1427234094932754
0.2010243273231412
0.040098754650486186
0.08204697237607818
0.038111117597837155
0.22875500232143903
-0.2612806402152526
-0.092186953423413
-0.11397201736968364
-0.07176758101427065
0.01575435033351748
-0.009617128096065528
-0.11913093792704174
0.029977191733179226
0.13192213849076023
0.0831281520758032
-0.10094840461057784
0.2695957870841084
-0.18031712195035707
0.08495728541301303
0.07312639100567248
0.028334849656009593
0.0376228474531655
0.01187900972692392
-0.13508684431030715
-6.566509602507659e-05
0.131029539099249
-0.10211835488022263
-0.009333428933063607
-0.03127748178389794
-0.09350449778093066
0.08434514160389152
-0.03743057568343248
-0.08278521616635832
-0.11931194610856675
-0.05100072554681968
-0.1390068485906879
-0.007923037405204031
0.044419058512479785
-0.020406583073554734
0.05158162485768045
-0.0741456569283011
-0.00951804107555832
0.004772165378705978
0.16776686588744436
0.1073589159402096
-0.06442416499304775
-0.03689433572646413
-0.12664541632742277
0.06058911682298442
0.00885804164725331
-0.07578414054074782
-0.045971200638087156
-0.15412581639318698
0.024007353481445694
0.03337307233255605
0.1467673559863969
0.11544263815325945
-0.16353436822731304
-0.11981446969190201
0.10686777599534115
-0.023347586883889798
-0.09689584103177773
0.17583734407370646
-0.12819141992156016
-0.09544956913383557
-0.029562080274894847
0.051684184838893345
-0.1784315052401806
0.04414527927416338
0.005700653875488169
-0.14124229339214003
-0.016270189812844237
0.07258705170851239
-0.009551570118520267
-0.0007906543174251489
-0.2100988091342022
-0.013856579353128704
-0.007756982823231157
-0.09102206702787242
-0.029947013102815955
0.06348790923329413
0.08441592855617332
-0.032233184351240306
-0.06534955876425802
0.08927235022299906
-0.1519566927795294
-0.06767198357703977
0.06246104932914703
0.031270432507537756
-0.050213524444991935
0.05252554338780812
0.1842399209192571
-0.020696594635116458
0.04665005362918012
0.08912212017609737
0.05010803963018505
0.26004678158230166
-0.2506095264880606
-0.11768510696195432
0.08016188594940563
0.047604185299080636
-0.2571995410320725
0.07632944373827737
0.045721161309005554
0.11722375573798365
0.02417385561262755
-0.2230693929702044
-0.2512285314367552
-0.00847867601424705
0.05967826995043361
-0.09584229757567139
0.11355338043818354
-0.15617116577884113
0.050580767253238575
-0.04205113652026132
0.06987161549518356
0.06695948928424739
-0.08575810402272543
-0.03976083484366145
0.06303389877453384
-0.06401671541003869
-0.061314178098578434
0.07973203006102836
-0.018238535730831167
0.14246853823056332
-0.007000559286814671
-0.23767659413911102
0.14588920334076175
0.034337230490975014
-0.09334150949408494
0.09360480824754551
0.08658028110151378
0.06673811616729133
-0.08429478758234897
-0.07370432446212949
0.10113980455888305
-0.06014109198163969
0.07784908528614291
0.09449956914772875
0.1447308223683785
-0.04875020903038251
-0.19710617705964287
0.2560437166770874
-0.1405606388154137
-0.09634210180453098
0.12631249096562014
-0.17616435328893773
-0.08690612068001312
0.016591409218735285
-0.002387821065154598
-0.07931593784732018
-0.04940904289130859
-0.11788589909861136
-0.14294135747068362
-0.19111621570384993
-0.004533409013824604
0.02479546197966015
0.11228999013188493
-0.0866607677201709
0.0028764232498373456
-0.01797426628155785
-0.05343433578740829
-0.2898439725332804
0.27466012129966805
0.17725850883522506
0.001744110492424299
0.008197154149168358
-0.06404494314672468
-0.1291767799188936
0.12884259424148023
-0.039752024900892184
0.04390924649806835
-0.08935791358976691
0.053695601150113015
0.11686979360615299
0.09946621118162147
-0.10014652636943415
-0.0030127219322432855
-0.2994791293161079
-0.15098951492978513
0.11243566674500542
-0.16969669654423056
-0.11067078284699504
0.042448449584393866
-0.01971125627615894
-0.04886067977568636
-0.02566217385211654
0.005350995187017323
-0.12591104087087054
-0.03590564950557296
0.2183686738730032
-0.022348918530301607
0.11693824178924843
0.007870942875843652
-0.028858181372181636
0.02267836213753095
-0.11534941066756181
-0.05618114019387051
0.04364625968131777
-0.10402283087245219
0.11254535795052169
0.1371031765865337
0.009266474589653708
0.11726369196447683
0.36346816301370694
-0.008934528447846275
-0.16966025418434727
-0.020658912673165976
-0.004812028676050248
0.08444490782166104
0.066507443875246
0.12848046975591268
-0.13861960392074157
0.10485084403674956
-0.011573107271348774
0.19090578032728636
0.06912132494288717
-0.010356202995351322
-0.08713506278973387
0.12246966039940896
-0.009340087516054448
0.0011772360020388174
0.1320191436412896
-0.029571184980653423
0.09706696171948741
0.15027788835936767
-0.1504844980045852
-0.12497352278599529
0.013404077820766632
0.0597070099208666
-0.0886442830943013
0.15613300171395267
-0.016437808005868793
-0.14398812582367546
-0.048821510903954764
-0.11010683653794229
0.013881418853279029
0.008532369156528493
-0.030779481654480235
-0.09762476967393108
0.16343038116502448
0.04904605826587818
-0.06908131203140085
0.2084819591995665
0.27461353805988653
-0.19237228483691243
-0.21308554289597603
-0.08695766218126491
-0.08194243502599195
0.0012181544054966909
-0.038315837387228255
0.09231917559614071
-0.15991062212791907
0.09664095896559204
0.17610655143937698
0.1118200880246694
0.13402580522869603
-0.11660547290982441
-0.12225493076343363
0.1581056695297963
0.08599702998869667
-0.08152871959855555
0.13881878735341144
-0.19098746819934304
-0.09702779812443188
0.0760917017283023
-0.13787627702902927
-0.17641457041998013
-0.02892523940270802
0.07586772892940807
-0.09394075385572144
0.13692953885024842
-0.06401665654788018
-0.17237282830466563
-0.12065061715786737
-0.06558104680777123
-0.044933315638495286
0.4184038850354666
0.3388064488336019
0.4265010509447603
0.17327100867707584
0.5535889490309032
0.19576022405456472
0.2896922218017053
0.21817110714408572
0.45267630939299613
